N = 2
[[0.000 -5.850 -7.200]
 [-1.650 -3.000 0.150]
 [-4.800 -1.650 6.000]]
Седловой точки нет, метод Брауна-Робинсона: x=0.500, y=0.500, H=-2.5942
Погрешность: 0.375779
----------------------------------------

N = 3
[[0.000 -4.400 -6.800 -7.200]
 [-0.933 -3.333 -3.733 -2.133]
 [-2.533 -2.933 -1.333 2.267]
 [-4.800 -3.200 0.400 6.000]]
Есть седловая точка: x=0.667, y=0.333, H=-2.9333
Погрешность: 0.036667
----------------------------------------

N = 4
[[0.000 -3.487 -5.850 -7.087 -7.200]
 [-0.637 -3.000 -4.237 -4.350 -3.337]
 [-1.650 -2.887 -3.000 -1.987 0.150]
 [-3.038 -3.150 -2.137 0.000 3.262]
 [-4.800 -3.787 -1.650 1.613 6.000]]
Седловой точки нет, метод Брауна-Робинсона: x=0.500, y=0.250, H=-2.9109
Погрешность: 0.059126
----------------------------------------

N = 5
[[0.000 -2.880 -5.040 -6.480 -7.200 -7.200]
 [-0.480 -2.640 -4.080 -4.800 -4.800 -4.080]
 [-1.200 -2.640 -3.360 -3.360 -2.640 -1.200]
 [-2.160 -2.880 -2.880 -2.160 -0.720 1.440]
 [-3.360 -3.360 -2.640 -1.200 0.960 3.840]
 [-4.800 -4.080 -2.640 -0.480 2.400 6.000]]
Седловой точки нет, метод Брауна-Робинсона: x=0.600, y=0.400, H=-2.8814
Погрешность: 0.088560
----------------------------------------

N = 6
[[0.000 -2.450 -4.400 -5.850 -6.800 -7.250 -7.200]
 [-0.383 -2.333 -3.783 -4.733 -5.183 -5.133 -4.583]
 [-0.933 -2.383 -3.333 -3.783 -3.733 -3.183 -2.133]
 [-1.650 -2.600 -3.050 -3.000 -2.450 -1.400 0.150]
 [-2.533 -2.983 -2.933 -2.383 -1.333 0.217 2.267]
 [-3.583 -3.533 -2.983 -1.933 -0.383 1.667 4.217]
 [-4.800 -4.250 -3.200 -1.650 0.400 2.950 6.000]]
Седловой точки нет, метод Брауна-Робинсона: x=0.667, y=0.333, H=-2.9445
Погрешность: 0.025474
----------------------------------------

N = 7
[[0.000 -2.131 -3.894 -5.290 -6.318 -6.980 -7.273 -7.200]
 [-0.318 -2.082 -3.478 -4.506 -5.167 -5.461 -5.388 -4.947]
 [-0.759 -2.155 -3.184 -3.845 -4.139 -4.065 -3.624 -2.816]
 [-1.322 -2.351 -3.012 -3.306 -3.233 -2.792 -1.984 -0.808]
 [-2.008 -2.669 -2.963 -2.890 -2.449 -1.641 -0.465 1.078]
 [-2.816 -3.110 -3.037 -2.596 -1.788 -0.612 0.931 2.841]
 [-3.747 -3.673 -3.233 -2.424 -1.249 0.294 2.204 4.482]
 [-4.800 -4.359 -3.551 -2.376 -0.833 1.078 3.355 6.000]]
Есть седловая точка: x=0.571, y=0.286, H=-2.9633
Погрешность: 0.006735
----------------------------------------

N = 8
[[0.000 -1.884 -3.487 -4.809 -5.850 -6.609 -7.087 -7.284 -7.200]
 [-0.272 -1.875 -3.197 -4.237 -4.997 -5.475 -5.672 -5.587 -5.222]
 [-0.637 -1.959 -3.000 -3.759 -4.237 -4.434 -4.350 -3.984 -3.337]
 [-1.097 -2.138 -2.897 -3.375 -3.572 -3.487 -3.122 -2.475 -1.547]
 [-1.650 -2.409 -2.887 -3.084 -3.000 -2.634 -1.987 -1.059 0.150]
 [-2.297 -2.775 -2.972 -2.887 -2.522 -1.875 -0.947 0.263 1.753]
 [-3.038 -3.234 -3.150 -2.784 -2.137 -1.209 0.000 1.491 3.262]
 [-3.872 -3.787 -3.422 -2.775 -1.847 -0.637 0.853 2.625 4.678]
 [-4.800 -4.434 -3.787 -2.859 -1.650 -0.159 1.613 3.666 6.000]]
Седловой точки нет, метод Брауна-Робинсона: x=0.625, y=0.250, H=-2.9459
Погрешность: 0.024096
----------------------------------------

N = 9
[[0.000 -1.689 -3.156 -4.400 -5.422 -6.222 -6.800 -7.156 -7.289 -7.200]
 [-0.237 -1.704 -2.948 -3.970 -4.770 -5.348 -5.704 -5.837 -5.748 -5.437]
 [-0.548 -1.793 -2.815 -3.615 -4.193 -4.548 -4.681 -4.593 -4.281 -3.748]
 [-0.933 -1.956 -2.756 -3.333 -3.689 -3.822 -3.733 -3.422 -2.889 -2.133]
 [-1.393 -2.193 -2.770 -3.126 -3.259 -3.170 -2.859 -2.326 -1.570 -0.593]
 [-1.926 -2.504 -2.859 -2.993 -2.904 -2.593 -2.059 -1.304 -0.326 0.874]
 [-2.533 -2.889 -3.022 -2.933 -2.622 -2.089 -1.333 -0.356 0.844 2.267]
 [-3.215 -3.348 -3.259 -2.948 -2.415 -1.659 -0.681 0.519 1.941 3.585]
 [-3.970 -3.881 -3.570 -3.037 -2.281 -1.304 -0.104 1.319 2.963 4.830]
 [-4.800 -4.489 -3.956 -3.200 -2.222 -1.022 0.400 2.044 3.911 6.000]]
Седловой точки нет, метод Брауна-Робинсона: x=0.667, y=0.333, H=-2.9565
Погрешность: 0.013519
----------------------------------------

N = 10
[[0.000 -1.530 -2.880 -4.050 -5.040 -5.850 -6.480 -6.930 -7.200 -7.290 -7.200]
 [-0.210 -1.560 -2.730 -3.720 -4.530 -5.160 -5.610 -5.880 -5.970 -5.880 -5.610]
 [-0.480 -1.650 -2.640 -3.450 -4.080 -4.530 -4.800 -4.890 -4.800 -4.530 -4.080]
 [-0.810 -1.800 -2.610 -3.240 -3.690 -3.960 -4.050 -3.960 -3.690 -3.240 -2.610]
 [-1.200 -2.010 -2.640 -3.090 -3.360 -3.450 -3.360 -3.090 -2.640 -2.010 -1.200]
 [-1.650 -2.280 -2.730 -3.000 -3.090 -3.000 -2.730 -2.280 -1.650 -0.840 0.150]
 [-2.160 -2.610 -2.880 -2.970 -2.880 -2.610 -2.160 -1.530 -0.720 0.270 1.440]
 [-2.730 -3.000 -3.090 -3.000 -2.730 -2.280 -1.650 -0.840 0.150 1.320 2.670]
 [-3.360 -3.450 -3.360 -3.090 -2.640 -2.010 -1.200 -0.210 0.960 2.310 3.840]
 [-4.050 -3.960 -3.690 -3.240 -2.610 -1.800 -0.810 0.360 1.710 3.240 4.950]
 [-4.800 -4.530 -4.080 -3.450 -2.640 -1.650 -0.480 0.870 2.400 4.110 6.000]]
Есть седловая точка: x=0.600, y=0.300, H=-2.9700
Погрешность: 0.000000
----------------------------------------

