Случайная матрица

+-----+--------+--------+--------+--------+--------+--------+--------+--------+--------+--------+
|     | A1     | A2     | A3     | A4     | A5     | A6     | A7     | A8     | A9     | A10    |
+-----+--------+--------+--------+--------+--------+--------+--------+--------+--------+--------+
| A1  | 0.2608 | 0.9294 | 0.8674 | 0.4828 | 0.0587 | 0.2756 | 0.0803 | 0.8876 | 0.0132 | 0.0292 |
| A2  | 0.5285 | 0.4008 | 0.9603 | 0.6594 | 0.4095 | 0.1268 | 0.7720 | 0.3502 | 0.6284 | 0.6709 |
| A3  | 0.0778 | 0.3274 | 0.5859 | 0.8682 | 0.0785 | 0.0886 | 0.2260 | 0.0946 | 0.2837 | 0.3554 |
| A4  | 0.5922 | 0.7860 | 0.8589 | 0.6467 | 0.7246 | 0.8687 | 0.5554 | 0.3136 | 0.1282 | 0.8044 |
| A5  | 0.6443 | 0.7565 | 0.0158 | 0.1868 | 0.5425 | 0.7013 | 0.4392 | 0.9803 | 0.2654 | 0.8916 |
| A6  | 0.5356 | 0.8164 | 0.1471 | 0.5526 | 0.8510 | 0.3779 | 0.7076 | 0.9462 | 0.9432 | 0.7501 |
| A7  | 0.8723 | 0.6514 | 0.4556 | 0.3097 | 0.1637 | 0.5414 | 0.0861 | 0.0012 | 0.9927 | 0.0583 |
| A8  | 0.0228 | 0.6031 | 0.4137 | 0.8272 | 0.1839 | 0.9185 | 0.6122 | 0.3123 | 0.7006 | 0.4948 |
| A9  | 0.7207 | 0.9067 | 0.2172 | 0.1704 | 0.7560 | 0.5752 | 0.0411 | 0.7422 | 0.7486 | 0.6000 |
| A10 | 0.9314 | 0.6223 | 0.1554 | 0.8263 | 0.6810 | 0.7931 | 0.2259 | 0.0888 | 0.9883 | 0.3288 |
+-----+--------+--------+--------+--------+--------+--------+--------+--------+--------+--------+



Стохастическая матрица доверия

+-----+--------+--------+--------+--------+--------+--------+--------+--------+--------+--------+
|     | A1     | A2     | A3     | A4     | A5     | A6     | A7     | A8     | A9     | A10    |
+-----+--------+--------+--------+--------+--------+--------+--------+--------+--------+--------+
| A1  | 0.0671 | 0.2392 | 0.2233 | 0.1243 | 0.0151 | 0.0710 | 0.0207 | 0.2285 | 0.0034 | 0.0075 |
| A2  | 0.0960 | 0.0728 | 0.1744 | 0.1197 | 0.0744 | 0.0230 | 0.1402 | 0.0636 | 0.1141 | 0.1218 |
| A3  | 0.0261 | 0.1096 | 0.1962 | 0.2907 | 0.0263 | 0.0297 | 0.0757 | 0.0317 | 0.0950 | 0.1190 |
| A4  | 0.0943 | 0.1252 | 0.1368 | 0.1030 | 0.1154 | 0.1384 | 0.0885 | 0.0499 | 0.0204 | 0.1281 |
| A5  | 0.1188 | 0.1395 | 0.0029 | 0.0344 | 0.1000 | 0.1293 | 0.0810 | 0.1807 | 0.0489 | 0.1644 |
| A6  | 0.0808 | 0.1232 | 0.0222 | 0.0834 | 0.1284 | 0.0570 | 0.1068 | 0.1428 | 0.1423 | 0.1132 |
| A7  | 0.2111 | 0.1576 | 0.1103 | 0.0749 | 0.0396 | 0.1310 | 0.0208 | 0.0003 | 0.2402 | 0.0141 |
| A8  | 0.0045 | 0.1185 | 0.0813 | 0.1625 | 0.0361 | 0.1805 | 0.1203 | 0.0614 | 0.1377 | 0.0972 |
| A9  | 0.1316 | 0.1655 | 0.0396 | 0.0311 | 0.1380 | 0.1050 | 0.0075 | 0.1355 | 0.1367 | 0.1095 |
| A10 | 0.1651 | 0.1103 | 0.0275 | 0.1465 | 0.1207 | 0.1406 | 0.0400 | 0.0157 | 0.1752 | 0.0583 |
+-----+--------+--------+--------+--------+--------+--------+--------+--------+--------+--------+



Начальные мнения агентов

+-------+---------+
| Агент | Мнение  |
+-------+---------+
| A1    | 16.5946 |
| A2    | 8.1380  |
| A3    | 3.0753  |
| A4    | 4.8746  |
| A5    | 9.6638  |
| A6    | 15.3890 |
| A7    | 3.9810  |
| A8    | 5.3759  |
| A9    | 3.8481  |
| A10   | 5.5370  |
+-------+---------+



Изменение мнений
+----------+------------+---------------------------------------------------------------+
| Итерация | Изменение  | Мнения                                                        |
+----------+------------+---------------------------------------------------------------+
| 1        | 9.63832659 | (6.956 6.392 5.552 8.160 8.632 7.303 8.976 7.085 8.644 9.007) |
| 2        | 2.03227307 | (6.799 7.681 7.585 7.541 7.734 7.897 7.391 7.777 7.600 7.781) |
| 3        | 0.81586530 | (7.615 7.540 7.592 7.597 7.611 7.598 7.480 7.657 7.598 7.531) |
| 4        | 0.10847498 | (7.594 7.574 7.576 7.577 7.583 7.582 7.589 7.574 7.592 7.588) |
| 5        | 0.01723478 | (7.577 7.583 7.581 7.582 7.583 7.583 7.585 7.582 7.583 7.584) |
| 6        | 0.00461623 | (7.582 7.582 7.582 7.582 7.582 7.583 7.581 7.583 7.582 7.582) |
| 7        | 0.00069323 | (7.582 7.582 7.582 7.582 7.582 7.582 7.582 7.582 7.582 7.582) |
| 8        | 0.00019575 | (7.582 7.582 7.582 7.582 7.582 7.582 7.582 7.582 7.582 7.582) |
| 9        | 0.00003349 | (7.582 7.582 7.582 7.582 7.582 7.582 7.582 7.582 7.582 7.582) |
| 10       | 0.00001068 | (7.582 7.582 7.582 7.582 7.582 7.582 7.582 7.582 7.582 7.582) |
| 11       | 0.00000167 | (7.582 7.582 7.582 7.582 7.582 7.582 7.582 7.582 7.582 7.582) |
| 12       | 0.00000023 | (7.582 7.582 7.582 7.582 7.582 7.582 7.582 7.582 7.582 7.582) |
+----------+------------+---------------------------------------------------------------+



Результирующие мнения

+-------+--------+
| Агент | Мнение |
+-------+--------+
| A1    | 7.5822 |
| A2    | 7.5822 |
| A3    | 7.5822 |
| A4    | 7.5822 |
| A5    | 7.5822 |
| A6    | 7.5822 |
| A7    | 7.5822 |
| A8    | 7.5822 |
| A9    | 7.5822 |
| A10   | 7.5822 |
+-------+--------+



Агенты первого игрока F: [8, 6]
Мнение первого игрока: 95.1695
Агенты второго игрока S: [2, 9, 7]
Мнение второго игрока: -39.6804


Начальные мнения с влиянием

+-------+----------+
| Агент | Мнение   |
+-------+----------+
| A1    | 2.3998   |
| A2    | -39.6804 |
| A3    | 4.1833   |
| A4    | 8.6231   |
| A5    | 11.0303  |
| A6    | 95.1695  |
| A7    | -39.6804 |
| A8    | 95.1695  |
| A9    | -39.6804 |
| A10   | 8.6542   |
+-------+----------+



Изменение мнений с влиянием
+----------+-------------+-----------------------------------------------------------------------+
| Итерация | Изменение   | Мнения                                                                |
+----------+-------------+-----------------------------------------------------------------------+
| 1        | 87.52764304 | (20.446 -0.868 -0.574 12.702 21.938 7.642 -1.943 11.071 13.819 5.571) |
| 2        | 14.37910251 | (6.067 7.814 7.001 8.016 9.362 9.814 10.299 7.068 10.732 11.689)      |
| 3        | 2.86370594  | (7.626 8.796 8.671 8.753 8.871 8.997 8.501 9.222 8.723 8.826)         |
| 4        | 1.16490495  | (8.791 8.648 8.724 8.698 8.743 8.738 8.538 8.796 8.716 8.614)         |
| 5        | 0.18136070  | (8.720 8.688 8.685 8.695 8.704 8.698 8.719 8.685 8.719 8.713)         |
| 6        | 0.02868147  | (8.691 8.704 8.699 8.701 8.702 8.704 8.705 8.702 8.702 8.706)         |
| 7        | 0.00960330  | (8.701 8.701 8.702 8.702 8.702 8.702 8.700 8.703 8.701 8.701)         |
| 8        | 0.00142520  | (8.702 8.701 8.702 8.702 8.702 8.702 8.702 8.702 8.702 8.702)         |
| 9        | 0.00037480  | (8.702 8.702 8.702 8.702 8.702 8.702 8.702 8.702 8.702 8.702)         |
| 10       | 0.00006451  | (8.702 8.702 8.702 8.702 8.702 8.702 8.702 8.702 8.702 8.702)         |
| 11       | 0.00001810  | (8.702 8.702 8.702 8.702 8.702 8.702 8.702 8.702 8.702 8.702)         |
| 12       | 0.00000285  | (8.702 8.702 8.702 8.702 8.702 8.702 8.702 8.702 8.702 8.702)         |
| 13       | 0.00000039  | (8.702 8.702 8.702 8.702 8.702 8.702 8.702 8.702 8.702 8.702)         |
+----------+-------------+-----------------------------------------------------------------------+



Результирующие мнения с влиянием

+-------+--------+
| Агент | Мнение |
+-------+--------+
| A1    | 8.7016 |
| A2    | 8.7016 |
| A3    | 8.7016 |
| A4    | 8.7016 |
| A5    | 8.7016 |
| A6    | 8.7016 |
| A7    | 8.7016 |
| A8    | 8.7016 |
| A9    | 8.7016 |
| A10   | 8.7016 |
+-------+--------+

